# Layer Numbers: 3
# Layer Number: 0
linear
8 5
# W
-0.595618
-0.41199523
0.6575043
-0.42929903
-0.22461468
0.39613092
-0.46739197
0.29039848
0.03689933
-0.14725387
0.13269275
-0.014805675
0.22792363
0.6491066
-0.3605053
0.45122504
0.61998785
0.5565275
0.51993644
-0.40587425
-0.17446673
-0.092323124
0.03678888
0.38842142
0.31068176
0.54651535
0.40694928
0.3767587
0.36049592
0.46697736
0.033571303
-0.18392906
-0.3807131
0.55701065
0.6302917
-0.07041991
0.43564332
-0.46541944
0.112083256
0.36216283
# B
0.0
0.0
0.0
0.0
0.0
0.0
0.0
0.0
# Layer Number: 1
relu
5 8
# W
0.4241165
-0.5375814
0.5137532
-0.67179364
-0.11217493
0.36665833
0.55563986
-0.6073327
0.06093818
-0.074050725
-0.36843616
-0.092543066
0.52103853
0.5724211
0.15131646
0.07847977
0.43885362
-0.1785593
0.3390875
-0.43211558
-0.48122042
-0.08497566
0.52703
0.6247922
0.32972348
-0.12554312
-0.17513889
0.17896551
-0.27384412
0.40218794
-0.13894606
-0.23593858
0.4728223
0.14535892
0.28462005
-0.5762278
-0.52206707
0.116392076
0.15715611
-0.46253663
# B
0.0
0.0
0.0
0.0
0.0
# Layer Number: 2
softmax
2 5
# W
-0.35949302
-0.22568178
0.83633137
-0.47662285
0.4079907
0.4007095
0.55246747
-0.5864943
0.16000009
0.4536823
# B
0.0
0.0
